Header
  1      1(1)A  2.94700  0.14800 0.006210 0.001310 0.000280 0.025270 0.032570 0.002160 0.083070 0.649200 0.005380 0.004560 0.034640 0.005900 0.001020 0.195920 0.101780 0.000620 0.000000
  2      2(1)A  3.34700  0.00300 0.000440 0.000140 0.000090 0.207820 0.004520 0.000840 0.692050 0.048780 0.002720 0.036840 0.002490 0.000620 0.006970 0.017420 0.012140 0.000210 0.000000
  3      3(1)A  3.53800  0.16300 0.006830 0.002030 0.000600 0.021080 0.062390 0.005640 0.024110 0.528140 0.018550 0.001280 0.028870 0.010630 0.000630 0.190990 0.189060 0.001650 0.000000
  4      4(1)A  4.04600  0.51300 0.011900 0.001960 0.000890 0.051350 0.073700 0.007860 0.042420 0.385650 0.008830 0.002040 0.016000 0.004170 0.001440 0.498130 0.067820 0.001470 0.000000
  5      5(1)A  4.25100  0.01800 0.000460 0.000170 0.000140 0.206760 0.006860 0.002700 0.672750 0.050490 0.008110 0.035460 0.002250 0.001100 0.006790 0.024110 0.021830 0.000520 0.000000
  6      6(1)A  4.33000  0.07800 0.001180 0.000590 0.000210 0.470980 0.021800 0.004710 0.370630 0.093180 0.007220 0.014440 0.004100 0.001040 0.008430 0.051030 0.024370 0.000510 0.000000
  7      7(1)A  4.42500  0.03800 0.006030 0.002600 0.000330 0.079530 0.123920 0.016460 0.105640 0.308570 0.016310 0.003750 0.015940 0.003940 0.001980 0.337450 0.098180 0.000800 0.000000
  8      8(1)A  4.51700  0.42600 0.005030 0.002500 0.000970 0.028860 0.079040 0.014370 0.030270 0.387820 0.039510 0.002250 0.019970 0.014150 0.001030 0.195940 0.266120 0.002800 0.000000
  9      9(1)A  4.88800  0.00100 0.001840 0.001390 0.000920 0.119340 0.059890 0.028450 0.342360 0.153320 0.084150 0.017370 0.008870 0.006630 0.003540 0.067280 0.134180 0.004540 0.000000
 10     10(1)A  5.02800  0.50300 0.005830 0.002660 0.001690 0.060770 0.082580 0.041910 0.039940 0.198040 0.109000 0.002380 0.013440 0.007450 0.001300 0.472840 0.118970 0.006460 0.000000
 11     11(1)A  5.07000  0.13100 0.002460 0.000550 0.005400 0.020720 0.017060 0.152020 0.038030 0.095360 0.555130 0.002380 0.005700 0.001950 0.000880 0.107410 0.032350 0.028900 0.000000
 12     12(1)A  5.22800  0.07300 0.001390 0.000510 0.000340 0.471460 0.016320 0.009620 0.429190 0.047380 0.013900 0.015230 0.001900 0.000790 0.009190 0.044050 0.015480 0.000700 0.000000
 13     13(1)A  5.27200  0.01700 0.001100 0.000680 0.005210 0.025790 0.018640 0.146660 0.078460 0.097550 0.521400 0.004150 0.005060 0.003110 0.001090 0.039200 0.057440 0.027370 0.000000
 14     14(1)A  5.31100  0.06400 0.001810 0.002110 0.004870 0.028040 0.042370 0.114530 0.038090 0.169990 0.377140 0.002330 0.008230 0.008360 0.001160 0.118980 0.135580 0.021360 0.000000
 15     15(1)A  5.40400  0.03400 0.005710 0.001750 0.001950 0.164870 0.069570 0.071420 0.092900 0.121250 0.239540 0.006680 0.008880 0.006750 0.002680 0.196180 0.084530 0.012330 0.000000
 16     16(1)A  5.43200  0.02900 0.001770 0.000870 0.001120 0.498030 0.027800 0.027630 0.194840 0.060800 0.119620 0.016680 0.004200 0.003190 0.005440 0.114460 0.045130 0.006750 0.000000
 17     17(1)A  5.48400  0.10300 0.018250 0.003790 0.001010 0.099150 0.107740 0.038670 0.076090 0.190400 0.069650 0.008050 0.022280 0.005830 0.004170 0.384580 0.091110 0.003650 0.000000
 18     18(1)A  5.59700  0.00600 0.001070 0.000940 0.005800 0.015320 0.023360 0.154670 0.049320 0.063050 0.570460 0.002740 0.003970 0.004400 0.000600 0.033840 0.079280 0.030840 0.000000
 19     19(1)A  5.75400  0.64700 0.007960 0.004290 0.001460 0.119510 0.127200 0.020490 0.050550 0.208170 0.029570 0.005760 0.015630 0.008750 0.002130 0.441070 0.111800 0.003320 0.000000
 20     20(1)A  5.84000  0.03200 0.005680 0.002210 0.001400 0.203630 0.086350 0.068880 0.212420 0.087430 0.067990 0.008520 0.004660 0.006290 0.004280 0.163320 0.131470 0.002680 0.000000
