4
     1(1)A  1.00000  0.19592  0.64920  0.00621  0.03464  0.03257  0.10178  0.00131  0.00590  0.02527  0.08307  0.00102  0.00456  0.00216  0.00538  0.00028  0.00062
     2(1)A  1.00000  0.01742  0.04878  0.00044  0.00249  0.00452  0.01214  0.00014  0.00062  0.20782  0.69205  0.00697  0.03684  0.00084  0.00272  0.00009  0.00021
     3(1)A  1.00000  0.19099  0.52814  0.00683  0.02887  0.06239  0.18906  0.00203  0.01063  0.02108  0.02411  0.00063  0.00128  0.00564  0.01855  0.00060  0.00165
     4(1)A  1.00000  0.49813  0.38565  0.01190  0.01600  0.07370  0.06782  0.00196  0.00417  0.05135  0.04242  0.00144  0.00204  0.00786  0.00883  0.00089  0.00147
     5(1)A  1.00000  0.02411  0.05049  0.00046  0.00225  0.00686  0.02183  0.00017  0.00110  0.20676  0.67275  0.00679  0.03546  0.00270  0.00811  0.00014  0.00052
     6(1)A  1.00000  0.05103  0.09318  0.00118  0.00410  0.02180  0.02437  0.00059  0.00104  0.47098  0.37063  0.00843  0.01444  0.00471  0.00722  0.00021  0.00051
     7(1)A  1.00000  0.33745  0.30857  0.00603  0.01594  0.12392  0.09818  0.00260  0.00394  0.07953  0.10564  0.00198  0.00375  0.01646  0.01631  0.00033  0.00080
     8(1)A  1.00000  0.19594  0.38782  0.00503  0.01997  0.07904  0.26612  0.00250  0.01415  0.02886  0.03027  0.00103  0.00225  0.01437  0.03951  0.00097  0.00280
     9(1)A  1.00000  0.06728  0.15332  0.00184  0.00887  0.05989  0.13418  0.00139  0.00663  0.11934  0.34236  0.00354  0.01737  0.02845  0.08415  0.00092  0.00454
    10(1)A  1.00000  0.47284  0.19804  0.00583  0.01344  0.08258  0.11897  0.00266  0.00745  0.06077  0.03994  0.00130  0.00238  0.04191  0.10900  0.00169  0.00646
    11(1)A  1.00000  0.10741  0.09536  0.00246  0.00570  0.01706  0.03235  0.00055  0.00195  0.02072  0.03803  0.00088  0.00238  0.15202  0.55513  0.00540  0.02890
    12(1)A  1.00000  0.04405  0.04738  0.00139  0.00190  0.01632  0.01548  0.00051  0.00079  0.47146  0.42919  0.00919  0.01523  0.00962  0.01390  0.00034  0.00070
    13(1)A  1.00000  0.03920  0.09755  0.00110  0.00506  0.01864  0.05744  0.00068  0.00311  0.02579  0.07846  0.00109  0.00415  0.14666  0.52140  0.00521  0.02737
    14(1)A  1.00000  0.11898  0.16999  0.00181  0.00823  0.04237  0.13558  0.00211  0.00836  0.02804  0.03809  0.00116  0.00233  0.11453  0.37714  0.00487  0.02136
    15(1)A  1.00000  0.19618  0.12125  0.00571  0.00888  0.06957  0.08453  0.00175  0.00675  0.16487  0.09290  0.00268  0.00668  0.07142  0.23954  0.00195  0.01233
    16(1)A  1.00000  0.11446  0.06080  0.00177  0.00420  0.02780  0.04513  0.00087  0.00319  0.49803  0.19484  0.00544  0.01668  0.02763  0.11962  0.00112  0.00675
    17(1)A  1.00000  0.38458  0.19040  0.01825  0.02228  0.10774  0.09111  0.00379  0.00583  0.09915  0.07609  0.00417  0.00805  0.03867  0.06965  0.00101  0.00365
    18(1)A  1.00000  0.03384  0.06305  0.00107  0.00397  0.02336  0.07928  0.00094  0.00440  0.01532  0.04932  0.00060  0.00274  0.15467  0.57046  0.00580  0.03084
    19(1)A  1.00000  0.44107  0.20817  0.00796  0.01563  0.12720  0.11180  0.00429  0.00875  0.11951  0.05055  0.00213  0.00576  0.02049  0.02957  0.00146  0.00332
    20(1)A  1.00000  0.16332  0.08743  0.00568  0.00466  0.08635  0.13147  0.00221  0.00629  0.20363  0.21242  0.00428  0.00852  0.06888  0.06799  0.00140  0.00268
