Header
  1      1(1)A  2.94700  0.14800 0.003950 0.000230 0.066490 0.007390 0.002870 0.037400 0.000400 0.880640 0.000620 0.000000
  2      2(1)A  3.34700  0.00300 0.000400 0.000070 0.868420 0.003480 0.036220 0.003390 0.003570 0.084230 0.000210 0.000000
  3      3(1)A  3.53800  0.16300 0.004530 0.000490 0.032640 0.023680 0.000970 0.037170 0.000340 0.898530 0.001650 0.000000
  4      4(1)A  4.04600  0.51300 0.007760 0.000760 0.048720 0.016320 0.001330 0.019180 0.000490 0.903960 0.001470 0.000000
  5      5(1)A  4.25100  0.01800 0.000850 0.000110 0.741390 0.010490 0.030540 0.007900 0.003040 0.205150 0.000520 0.000000
  6      6(1)A  4.33000  0.07800 0.001000 0.000170 0.774180 0.011440 0.013910 0.005550 0.004560 0.188660 0.000510 0.000000
  7      7(1)A  4.42500  0.03800 0.004630 0.000250 0.152150 0.030060 0.003010 0.019770 0.000840 0.788490 0.000800 0.000000
  8      8(1)A  4.51700  0.42600 0.004310 0.000650 0.041720 0.053460 0.001860 0.032160 0.000640 0.862410 0.002800 0.000000
  9      9(1)A  4.88800  0.00100 0.002940 0.000510 0.171100 0.109870 0.006770 0.026180 0.000810 0.677290 0.004540 0.000000
 10     10(1)A  5.02800  0.50300 0.005560 0.001070 0.063950 0.147060 0.001690 0.019970 0.000710 0.753550 0.006460 0.000000
 11     11(1)A  5.07000  0.13100 0.001730 0.002860 0.031870 0.693370 0.001080 0.008280 0.000320 0.231580 0.028900 0.000000
 12     12(1)A  5.22800  0.07300 0.001710 0.000210 0.724910 0.022840 0.012750 0.004910 0.004420 0.227550 0.000700 0.000000
 13     13(1)A  5.27200  0.01700 0.001150 0.002770 0.064660 0.654890 0.002770 0.009250 0.000440 0.236700 0.027370 0.000000
 14     14(1)A  5.31100  0.06400 0.002420 0.002680 0.036840 0.484180 0.001570 0.015540 0.000500 0.434910 0.021360 0.000000
 15     15(1)A  5.40400  0.03400 0.004530 0.001100 0.211680 0.301540 0.006060 0.014890 0.001430 0.446430 0.012330 0.000000
 16     16(1)A  5.43200  0.02900 0.001700 0.000620 0.596420 0.144580 0.016500 0.006750 0.003580 0.223100 0.006750 0.000000
 17     17(1)A  5.48400  0.10300 0.011290 0.000700 0.119150 0.104220 0.005390 0.027500 0.001770 0.726330 0.003650 0.000000
 18     18(1)A  5.59700  0.00600 0.001210 0.003090 0.039050 0.712360 0.001690 0.008730 0.000250 0.202790 0.030840 0.000000
 19     19(1)A  5.75400  0.64700 0.007520 0.001190 0.136950 0.047640 0.005080 0.023430 0.001350 0.773520 0.003320 0.000000
 20     20(1)A  5.84000  0.03200 0.005710 0.000860 0.163220 0.129270 0.003990 0.015420 0.001360 0.677510 0.002680 0.000000
