-------------------------------------------------------------
----------------------- !PROPERTIES! ------------------------
-------------------------------------------------------------
# -----------------------------------------------------------
$ SCF_Energy
   description: The SCF energy
   geom. index: 1
   prop. index: 1
        SCF Energy:    -1033.7648872704
# -----------------------------------------------------------
$ DFT_Energy
   description: The DFT energy
   geom. index: 1
   prop. index: 1
   Number of Alpha Electrons                 84.0000534389 
   Number of Beta  Electrons                 84.0000534389 
   Total number of  Electrons               168.0001068777 
   Exchange energy                         -111.3563588970 
   Correlation energy                        -7.3744820416 
   Correlation energy NL                      0.0000000000 
   Exchange-Correlation energy             -118.7308409386 
   Embedding correction                       0.0000000000 
   Total DFT Energy (No VdW correction)   -1033.7648872704 
# -----------------------------------------------------------
$ Solvation_Details
   description: Details concerning solvation
   geom. index: 1
   prop. index: 1
     Epsilon:               80.4000000000
     Refrac:                 1.3300000000
     RSolv:                  1.3000000000
     Surface Type:                      2
     Number of Points:               2245
     Surface Area:        1234.6430929573
     Dielectric Energy:     -0.0962589503
# -----------------------------------------------------------
$ Mayer_Pop
   description: The Mayer population analysis
   geom. index: 1
   prop. index: 1
     Number of atoms                     : 43
     Threshold for printing              : 0.1000000
     Number of bond orders printed       : 48
  NA   - Mulliken gross atomic population
  ZA   - Total nuclear charge
  QA   - Mulliken gross atomic charge
  VA   - Mayer's total valence
  BVA  - Mayer's bonded valence
  FA   - Mayer's free valence
  ATOM       NA         ZA         QA         VA         BVA        FA
  0   0     6.1199     6.0000    -0.1199     3.9073     3.9073     0.0000
  1   0     6.1639     6.0000    -0.1639     3.9554     3.9554     0.0000
  2   0     6.2301     6.0000    -0.2301     3.9124     3.9124     0.0000
  3   0     0.8950     1.0000     0.1050     0.9657     0.9657     0.0000
  4   0     0.8823     1.0000     0.1177     0.9589     0.9589     0.0000
  5   0     5.7558     6.0000     0.2442     3.6687     3.6687     0.0000
  6   0     0.8731     1.0000     0.1269     0.9531     0.9531     0.0000
  7   0     0.8893     1.0000     0.1107     0.9548     0.9548     0.0000
  8   0     6.0060     6.0000    -0.0060     4.1120     4.1120     0.0000
  9   0     7.1334     7.0000    -0.1334     3.3356     3.3356     0.0000
 10   0     0.8875     1.0000     0.1125     0.9511     0.9511     0.0000
 11   0     0.8674     1.0000     0.1326     0.9501     0.9501     0.0000
 12   0     6.1230     6.0000    -0.1230     3.9039     3.9039     0.0000
 13   0     6.1500     6.0000    -0.1500     3.9492     3.9492     0.0000
 14   0     0.8875     1.0000     0.1125     0.9542     0.9542     0.0000
 15   0     0.8640     1.0000     0.1360     0.9492     0.9492     0.0000
 16   0     6.2778     6.0000    -0.2778     3.9505     3.9505     0.0000
 17   0     0.8825     1.0000     0.1175     0.9593     0.9593    -0.0000
 18   0     0.8948     1.0000     0.1052     0.9653     0.9653     0.0000
 19   0     5.8927     6.0000     0.1073     3.6440     3.6440     0.0000
 20   0     0.8864     1.0000     0.1136     0.9549     0.9549     0.0000
 21   0     0.8731     1.0000     0.1269     0.9560     0.9560    -0.0000
 22   0     6.5388     6.0000    -0.5388     3.8326     3.8326     0.0000
 23   0     5.9185     6.0000     0.0815     3.9109     3.9109     0.0000
 24   0     5.5408     6.0000     0.4592     3.4734     3.4734    -0.0000
 25   0     8.3822     8.0000    -0.3822     2.1092     2.1092     0.0000
 26   0     5.5605     6.0000     0.4395     4.2587     4.2587    -0.0000
 27   0     6.3264     6.0000    -0.3264     3.8754     3.8754     0.0000
 28   0     5.8826     6.0000     0.1174     3.5118     3.5118     0.0000
 29   0     8.5603     8.0000    -0.5603     2.0262     2.0262    -0.0000
 30   0     5.7482     6.0000     0.2518     3.8767     3.8767    -0.0000
 31   0     6.1492     6.0000    -0.1492     4.0451     4.0451     0.0000
 32   0     6.0131     6.0000    -0.0131     3.9820     3.9820    -0.0000
 33   0     7.1956     7.0000    -0.1956     3.5645     3.5645    -0.0000
 34   0     5.9131     6.0000     0.0869     3.9428     3.9428    -0.0000
 35   0     6.0278     6.0000    -0.0278     3.9220     3.9220    -0.0000
 36   0     0.8087     1.0000     0.1913     0.9645     0.9645    -0.0000
 37   0     0.8437     1.0000     0.1563     0.9607     0.9607     0.0000
 38   0     0.8090     1.0000     0.1910     0.9556     0.9556    -0.0000
 39   0     0.8311     1.0000     0.1689     0.9593     0.9593     0.0000
 40   0     0.9104     1.0000     0.0896     0.9894     0.9894     0.0000
 41   0     0.8696     1.0000     0.1304     0.9767     0.9767     0.0000
 42   0     0.7349     1.0000     0.2651     0.9282     0.9282     0.0000
      Bond orders larger than 0.1000000
           Atom A     A.N. of A          Atom B    A.N. of B              Bond order
                0             6               1            6                1.009634
                0             6               9            7                0.933011
                0             6              10            1                0.951102
                0             6              11            1                0.950768
                1             6               2            6                1.016500
                1             6               3            1                0.968326
                1             6               4            1                0.959296
                2             6               5            6                0.994398
                2             6               6            1                0.955902
                2             6               7            1                0.946788
                5             6               8            6                1.226786
                5             6              22            6                1.400287
                8             6               9            7                1.398880
                8             6              19            6                1.229422
                9             7              12            6                0.934404
               12             6              13            6                0.998843
               12             6              14            1                0.952120
               12             6              15            1                0.953065
               13             6              16            6                1.034297
               13             6              17            1                0.962164
               13             6              18            1                0.966777
               16             6              19            6                1.034042
               16             6              20            1                0.955983
               16             6              21            1                0.947405
               19             6              23            6                1.357273
               22             6              24            6                1.098799
               22             6              40            1                1.053528
               23             6              24            6                1.341207
               23             6              25            8                1.019488
               24             6              27            6                1.118961
               25             8              26            6                1.090080
               26             6              28            6                1.108097
               26             6              29            8                1.963392
               27             6              28            6                1.487710
               27             6              41            1                0.991546
               28             6              30            6                0.906795
               30             6              31            6                1.395475
               30             6              32            6                1.480027
               31             6              33            7                0.113151
               31             6              35            6                1.392486
               31             6              39            1                0.951638
               32             6              33            7                1.308233
               32             6              36            1                0.926476
               33             7              34            6                1.295785
               33             7              42            1                0.894715
               34             6              35            6                1.499828
               34             6              38            1                0.931450
               35             6              37            1                0.949986
# -----------------------------------------------------------
$ CIS_ABS
   description: The CIS absorption spectrum 
   geom. index: 1
   prop. index: 1
        Number of roots:  3
        The CIS Absorption Spectrum :
                  0          1          2          3          4          5    
      0       0.067548   0.016181   0.359310   0.571022  -0.180374   0.026618
      1       0.116636   0.670818   8.627077   2.859477  -0.668208  -0.062999
      2       0.117973   0.079327   1.008619  -0.993225   0.148724  -0.002151
        The CIS Absorption Spectrum (Velocity):
                  0          1          2          3          4          5    
      0       0.067548   0.006826   0.000692  -0.025856   0.001997   0.004372
      1       0.116636   0.330792   0.057873  -0.227581   0.077494   0.008647
      2       0.117973   0.032707   0.005788   0.074309  -0.016191  -0.001954
# -----------------------------------------------------------
$ CIS_CD
   description: The CIS CD spectrum 
   geom. index: 1
   prop. index: 1
        Number of roots:  3
        The CIS CD Spectrum:
                  0          1          2          3    
      0      -5.173436  -0.028553  -0.015345   0.096293
      1      18.231478   0.001659  -0.083262   0.344573
      2       3.849508   0.000408   0.054716  -0.201422
# -----------------------------------------------------------
$ Mayer_Pop
   description: The Mayer population analysis
   geom. index: 1
   prop. index: 2
     Number of atoms                     : 43
     Threshold for printing              : 0.1000000
     Number of bond orders printed       : 47
  NA   - Mulliken gross atomic population
  ZA   - Total nuclear charge
  QA   - Mulliken gross atomic charge
  VA   - Mayer's total valence
  BVA  - Mayer's bonded valence
  FA   - Mayer's free valence
  ATOM       NA         ZA         QA         VA         BVA        FA
  0   0     6.1243     6.0000    -0.1243     3.8713     3.8641     0.0072
  1   0     6.1781     6.0000    -0.1781     3.9620     3.9579     0.0041
  2   0     6.2235     6.0000    -0.2235     3.9095     3.9069     0.0026
  3   0     0.8735     1.0000     0.1265     0.9620     0.9624    -0.0004
  4   0     0.8635     1.0000     0.1365     0.9583     0.9587    -0.0004
  5   0     5.7152     6.0000     0.2848     3.7270     3.6279     0.0991
  6   0     0.8530     1.0000     0.1470     0.9523     0.9514     0.0009
  7   0     0.8638     1.0000     0.1362     0.9553     0.9506     0.0047
  8   0     5.9717     6.0000     0.0283     4.1038     4.0352     0.0686
  9   0     7.0511     7.0000    -0.0511     3.5305     3.2899     0.2406
 10   0     0.8430     1.0000     0.1570     0.9511     0.9364     0.0147
 11   0     0.8374     1.0000     0.1626     0.9496     0.9455     0.0041
 12   0     6.1281     6.0000    -0.1281     3.8699     3.8631     0.0068
 13   0     6.1621     6.0000    -0.1621     3.9550     3.9498     0.0052
 14   0     0.8433     1.0000     0.1567     0.9526     0.9387     0.0139
 15   0     0.8368     1.0000     0.1632     0.9477     0.9457     0.0020
 16   0     6.2677     6.0000    -0.2677     3.9468     3.9440     0.0028
 17   0     0.8634     1.0000     0.1366     0.9584     0.9587    -0.0003
 18   0     0.8733     1.0000     0.1267     0.9618     0.9621    -0.0003
 19   0     5.8449     6.0000     0.1551     3.7262     3.6274     0.0988
 20   0     0.8600     1.0000     0.1400     0.9554     0.9504     0.0050
 21   0     0.8524     1.0000     0.1476     0.9557     0.9544     0.0013
 22   0     6.5029     6.0000    -0.5029     3.8181     3.8086     0.0095
 23   0     5.8982     6.0000     0.1018     3.9289     3.9162     0.0127
 24   0     5.4644     6.0000     0.5356     3.5038     3.3511     0.1527
 25   0     8.3718     8.0000    -0.3718     2.1376     2.1380    -0.0004
 26   0     5.5464     6.0000     0.4536     4.2318     4.2168     0.0150
 27   0     6.3352     6.0000    -0.3352     3.8765     3.8677     0.0088
 28   0     5.7829     6.0000     0.2171     3.5834     3.4648     0.1186
 29   0     8.5130     8.0000    -0.5130     2.0707     2.0360     0.0347
 30   0     5.7543     6.0000     0.2457     3.7944     3.7660     0.0284
 31   0     6.3611     6.0000    -0.3611     3.9774     3.6296     0.3478
 32   0     6.1268     6.0000    -0.1268     3.9888     3.8368     0.1520
 33   0     7.3135     7.0000    -0.3135     3.2960     3.1044     0.1916
 34   0     6.0224     6.0000    -0.0224     3.9336     3.7780     0.1556
 35   0     6.0964     6.0000    -0.0964     3.9366     3.8986     0.0380
 36   0     0.8489     1.0000     0.1511     0.9764     0.9770    -0.0006
 37   0     0.8858     1.0000     0.1142     0.9693     0.9709    -0.0016
 38   0     0.8522     1.0000     0.1478     0.9685     0.9695    -0.0010
 39   0     0.8772     1.0000     0.1228     0.9701     0.9703    -0.0002
 40   0     0.8845     1.0000     0.1155     0.9860     0.9869    -0.0009
 41   0     0.8549     1.0000     0.1451     0.9761     0.9765    -0.0004
 42   0     0.7765     1.0000     0.2235     0.9490     0.9486     0.0004
      Bond orders larger than 0.1000000
           Atom A     A.N. of A          Atom B    A.N. of B              Bond order
                0             6               1            6                1.007053
                0             6               9            7                0.905805
                0             6              10            1                0.934117
                0             6              11            1                0.942349
                1             6               2            6                1.010963
                1             6               3            1                0.967262
                1             6               4            1                0.954382
                2             6               5            6                1.005275
                2             6               6            1                0.949096
                2             6               7            1                0.933694
                5             6               8            6                1.172121
                5             6              22            6                1.418992
                8             6               9            7                1.464222
                8             6              19            6                1.168717
                9             7              12            6                0.907141
               12             6              13            6                0.995265
               12             6              14            1                0.936496
               12             6              15            1                0.945776
               13             6              16            6                1.028440
               13             6              17            1                0.956846
               13             6              18            1                0.965446
               16             6              19            6                1.048698
               16             6              20            1                0.940585
               16             6              21            1                0.940761
               19             6              23            6                1.383029
               22             6              24            6                1.080469
               22             6              40            1                1.043789
               23             6              24            6                1.313868
               23             6              25            8                1.030944
               24             6              27            6                1.066009
               25             8              26            6                1.085779
               26             6              28            6                1.061363
               26             6              29            8                1.990709
               27             6              28            6                1.542640
               27             6              41            1                0.994064
               28             6              30            6                0.887817
               30             6              31            6                1.269425
               30             6              32            6                1.603784
               31             6              35            6                1.257222
               31             6              39            1                0.977911
               32             6              33            7                1.122330
               32             6              36            1                0.945926
               33             7              34            6                1.097050
               33             7              42            1                0.921813
               34             6              35            6                1.651464
               34             6              38            1                0.950641
               35             6              37            1                0.967833
# -----------------------------------------------------------
$ SCF_Energy
   description: The SCF energy
   geom. index: 2
   prop. index: 1
        SCF Energy:    -1033.7648887854
# -----------------------------------------------------------
$ DFT_Energy
   description: The DFT energy
   geom. index: 2
   prop. index: 1
   Number of Alpha Electrons                 84.0000533052 
   Number of Beta  Electrons                 84.0000533052 
   Total number of  Electrons               168.0001066104 
   Exchange energy                         -111.3563539513 
   Correlation energy                        -7.3744810463 
   Correlation energy NL                      0.0000000000 
   Exchange-Correlation energy             -118.7308349976 
   Embedding correction                       0.0000000000 
   Total DFT Energy (No VdW correction)   -1033.7648887854 
# -----------------------------------------------------------
$ Solvation_Details
   description: Details concerning solvation
   geom. index: 2
   prop. index: 1
     Epsilon:               80.4000000000
     Refrac:                 1.3300000000
     RSolv:                  1.3000000000
     Surface Type:                      2
     Number of Points:               2245
     Surface Area:        1234.6521952639
     Dielectric Energy:     -0.0962597242
# -----------------------------------------------------------
$ Mayer_Pop
   description: The Mayer population analysis
   geom. index: 2
   prop. index: 1
     Number of atoms                     : 43
     Threshold for printing              : 0.1000000
     Number of bond orders printed       : 48
  NA   - Mulliken gross atomic population
  ZA   - Total nuclear charge
  QA   - Mulliken gross atomic charge
  VA   - Mayer's total valence
  BVA  - Mayer's bonded valence
  FA   - Mayer's free valence
  ATOM       NA         ZA         QA         VA         BVA        FA
  0   0     6.1199     6.0000    -0.1199     3.9073     3.9073    -0.0000
  1   0     6.1639     6.0000    -0.1639     3.9555     3.9555    -0.0000
  2   0     6.2302     6.0000    -0.2302     3.9124     3.9124    -0.0000
  3   0     0.8950     1.0000     0.1050     0.9657     0.9657    -0.0000
  4   0     0.8823     1.0000     0.1177     0.9589     0.9589    -0.0000
  5   0     5.7558     6.0000     0.2442     3.6687     3.6687    -0.0000
  6   0     0.8731     1.0000     0.1269     0.9531     0.9531     0.0000
  7   0     0.8893     1.0000     0.1107     0.9548     0.9548     0.0000
  8   0     6.0061     6.0000    -0.0061     4.1121     4.1121     0.0000
  9   0     7.1333     7.0000    -0.1333     3.3356     3.3356     0.0000
 10   0     0.8875     1.0000     0.1125     0.9511     0.9511     0.0000
 11   0     0.8674     1.0000     0.1326     0.9501     0.9501     0.0000
 12   0     6.1230     6.0000    -0.1230     3.9039     3.9039    -0.0000
 13   0     6.1500     6.0000    -0.1500     3.9492     3.9492     0.0000
 14   0     0.8875     1.0000     0.1125     0.9542     0.9542     0.0000
 15   0     0.8640     1.0000     0.1360     0.9492     0.9492     0.0000
 16   0     6.2777     6.0000    -0.2777     3.9505     3.9505     0.0000
 17   0     0.8825     1.0000     0.1175     0.9593     0.9593    -0.0000
 18   0     0.8948     1.0000     0.1052     0.9653     0.9653    -0.0000
 19   0     5.8927     6.0000     0.1073     3.6438     3.6438    -0.0000
 20   0     0.8864     1.0000     0.1136     0.9549     0.9549    -0.0000
 21   0     0.8731     1.0000     0.1269     0.9560     0.9560    -0.0000
 22   0     6.5388     6.0000    -0.5388     3.8326     3.8326     0.0000
 23   0     5.9186     6.0000     0.0814     3.9108     3.9108    -0.0000
 24   0     5.5407     6.0000     0.4593     3.4734     3.4734     0.0000
 25   0     8.3822     8.0000    -0.3822     2.1092     2.1092     0.0000
 26   0     5.5605     6.0000     0.4395     4.2587     4.2587     0.0000
 27   0     6.3264     6.0000    -0.3264     3.8754     3.8754     0.0000
 28   0     5.8826     6.0000     0.1174     3.5118     3.5118    -0.0000
 29   0     8.5603     8.0000    -0.5603     2.0262     2.0262    -0.0000
 30   0     5.7482     6.0000     0.2518     3.8768     3.8768    -0.0000
 31   0     6.1491     6.0000    -0.1491     4.0450     4.0450    -0.0000
 32   0     6.0131     6.0000    -0.0131     3.9820     3.9820     0.0000
 33   0     7.1956     7.0000    -0.1956     3.5645     3.5645    -0.0000
 34   0     5.9130     6.0000     0.0870     3.9429     3.9429     0.0000
 35   0     6.0278     6.0000    -0.0278     3.9220     3.9220    -0.0000
 36   0     0.8087     1.0000     0.1913     0.9645     0.9645    -0.0000
 37   0     0.8437     1.0000     0.1563     0.9607     0.9607    -0.0000
 38   0     0.8090     1.0000     0.1910     0.9556     0.9556     0.0000
 39   0     0.8311     1.0000     0.1689     0.9593     0.9593     0.0000
 40   0     0.9104     1.0000     0.0896     0.9894     0.9894    -0.0000
 41   0     0.8696     1.0000     0.1304     0.9767     0.9767    -0.0000
 42   0     0.7349     1.0000     0.2651     0.9282     0.9282     0.0000
      Bond orders larger than 0.1000000
           Atom A     A.N. of A          Atom B    A.N. of B              Bond order
                0             6               1            6                1.009641
                0             6               9            7                0.932986
                0             6              10            1                0.951105
                0             6              11            1                0.950765
                1             6               2            6                1.016535
                1             6               3            1                0.968323
                1             6               4            1                0.959295
                2             6               5            6                0.994357
                2             6               6            1                0.955909
                2             6               7            1                0.946805
                5             6               8            6                1.226757
                5             6              22            6                1.400326
                8             6               9            7                1.398908
                8             6              19            6                1.229465
                9             7              12            6                0.934376
               12             6              13            6                0.998812
               12             6              14            1                0.952129
               12             6              15            1                0.953071
               13             6              16            6                1.034357
               13             6              17            1                0.962163
               13             6              18            1                0.966777
               16             6              19            6                1.034021
               16             6              20            1                0.955972
               16             6              21            1                0.947394
               19             6              23            6                1.357195
               22             6              24            6                1.098827
               22             6              40            1                1.053518
               23             6              24            6                1.341228
               23             6              25            8                1.019503
               24             6              27            6                1.118949
               25             8              26            6                1.090078
               26             6              28            6                1.108100
               26             6              29            8                1.963397
               27             6              28            6                1.487672
               27             6              41            1                0.991545
               28             6              30            6                0.906803
               30             6              31            6                1.395427
               30             6              32            6                1.480117
               31             6              33            7                0.113150
               31             6              35            6                1.392500
               31             6              39            1                0.951635
               32             6              33            7                1.308078
               32             6              36            1                0.926472
               33             7              34            6                1.295934
               33             7              42            1                0.894718
               34             6              35            6                1.499791
               34             6              38            1                0.931438
               35             6              37            1                0.949983
# -----------------------------------------------------------
$ CIS_ABS
   description: The CIS absorption spectrum 
   geom. index: 2
   prop. index: 1
        Number of roots:  3
        The CIS Absorption Spectrum :
                  0          1          2          3          4          5    
      0       0.067549   0.016156   0.358775   0.570613  -0.180182   0.026646
      1       0.116638   0.672120   8.643666   2.862175  -0.669038  -0.063305
      2       0.117976   0.079865   1.015437  -0.996531   0.149532  -0.001987
        The CIS Absorption Spectrum (Velocity):
                  0          1          2          3          4          5    
      0       0.067549   0.006816   0.000691  -0.025836   0.001987   0.004376
      1       0.116638   0.331476   0.057994  -0.227813   0.077593   0.008646
      2       0.117976   0.032951   0.005831   0.074578  -0.016291  -0.001962
# -----------------------------------------------------------
$ CIS_CD
   description: The CIS CD spectrum 
   geom. index: 2
   prop. index: 1
        Number of roots:  3
        The CIS CD Spectrum:
                  0          1          2          3    
      0      -5.165141  -0.028540  -0.015336   0.096301
      1      18.161838   0.001639  -0.083197   0.344829
      2       3.848611   0.000424   0.054738  -0.201799
# -----------------------------------------------------------
$ SCF_Electric_Properties
   description: The SCF Calculated Electric Properties
   geom. index: 2
   prop. index: 1
       Filename                          : NMU-H_ES.scfp 
       Do Dipole Moment Calculation      : true 
       Do Quadrupole Moment Calculation  : false 
       Do Polarizability Calculation     : false 
** Dipole moment part of electric properties **
        Magnitude of dipole moment (Debye) :       16.1078402785
        Electronic Contribution:
                  0    
      0      24.974600
      1      -7.625662
      2      -0.718359
        Nuclear Contribution:
                  0    
      0     -21.273172
      1       2.793005
      2      -1.043672
        Total Dipole moment:
                  0    
      0       3.701428
      1      -4.832657
      2      -1.762031
# -------------------------------------------------------------
----------------------- !GEOMETRIES! ------------------------
# -------------------------------------------------------------
------------------------ !GEOMETRY! -------------------------
    Number of atoms:    43 
    Geometry Index:     1 
    Coordinates:
               0 C     -6.617660000000   -1.504850000000    0.051430000000
               1 C     -6.640710000000   -2.719130000000   -0.854160000000
               2 C     -5.619810000000   -3.734410000000   -0.362950000000
               3 H     -6.415570000000   -2.418150000000   -1.879920000000
               4 H     -7.645390000000   -3.140760000000   -0.844500000000
               5 C     -4.266110000000   -3.100740000000   -0.228260000000
               6 H     -5.554920000000   -4.595020000000   -1.028170000000
               7 H     -5.928850000000   -4.112260000000    0.618480000000
               8 C     -4.154130000000   -1.688510000000    0.076400000000
               9 N     -5.263670000000   -0.947360000000    0.209270000000
              10 H     -6.986810000000   -1.754440000000    1.051820000000
              11 H     -7.241900000000   -0.704600000000   -0.340610000000
              12 C     -5.208570000000    0.457430000000    0.646110000000
              13 C     -3.964170000000    1.152020000000    0.131530000000
              14 H     -5.238190000000    0.464050000000    1.740480000000
              15 H     -6.112640000000    0.939970000000    0.284240000000
              16 C     -2.725650000000    0.382270000000    0.566320000000
              17 H     -3.941380000000    2.168160000000    0.523860000000
              18 H     -4.008660000000    1.217020000000   -0.957820000000
              19 C     -2.865240000000   -1.080530000000    0.255220000000
              20 H     -2.573670000000    0.499550000000    1.645150000000
              21 H     -1.832350000000    0.775780000000    0.083590000000
              22 C     -3.123800000000   -3.834500000000   -0.357440000000
              23 C     -1.761040000000   -1.890470000000    0.135160000000
              24 C     -1.847440000000   -3.262120000000   -0.178890000000
              25 O     -0.539240000000   -1.311600000000    0.327810000000
              26 C      0.647840000000   -2.005080000000    0.220680000000
              27 C     -0.644990000000   -4.006380000000   -0.302920000000
              28 C      0.569960000000   -3.427850000000   -0.121850000000
              29 O      1.663690000000   -1.379860000000    0.412750000000
              30 C      1.837670000000   -4.191730000000   -0.244010000000
              31 C      2.485930000000   -4.682900000000    0.921070000000
              32 C      2.357300000000   -4.425840000000   -1.481560000000
              33 N      3.539770000000   -5.137670000000   -1.615750000000
              34 C      4.200550000000   -5.632710000000   -0.496480000000
              35 C      3.689590000000   -5.413940000000    0.742500000000
              36 H      1.903470000000   -4.075110000000   -2.394470000000
              37 H      4.220020000000   -5.808410000000    1.598140000000
              38 H      5.109810000000   -6.179330000000   -0.686620000000
              39 H      2.074550000000   -4.507180000000    1.901360000000
              40 H     -3.187500000000   -4.889260000000   -0.592710000000
              41 H     -0.710430000000   -5.059180000000   -0.548240000000
              42 H      3.906510000000   -5.318750000000   -2.533130000000
------------------------ !GEOMETRY! -------------------------
    Number of atoms:    43 
    Geometry Index:     2 
    Coordinates:
               0 C     -6.617689879815   -1.504883543595    0.051464852145
               1 C     -6.640662713840   -2.718935914464   -0.854416718781
               2 C     -5.619790096531   -3.734350548225   -0.363445317107
               3 H     -6.415547758194   -2.417712393237   -1.880107094581
               4 H     -7.645351455955   -3.140567253097   -0.844845999357
               5 C     -4.266105655290   -3.100661663654   -0.228478800758
               6 H     -5.554809519439   -4.594759904094   -1.028914107830
               7 H     -5.928871918696   -4.112523119197    0.617840441153
               8 C     -4.154174725109   -1.688492788762    0.076374462888
               9 N     -5.263707016005   -0.947452372146    0.209659058926
              10 H     -6.987007507173   -1.754676409718    1.051735391837
              11 H     -7.241831677171   -0.704498544027   -0.340456257395
              12 C     -5.208538765304    0.457256773876    0.646769603151
              13 C     -3.964378107376    1.151999344746    0.131826649324
              14 H     -5.237739382852    0.463653156728    1.741145493635
              15 H     -6.112799285462    0.939782498080    0.285354621922
              16 C     -2.725649378797    0.382325886766    0.566173907977
              17 H     -3.941588771254    2.168112671860    0.524223372090
              18 H     -4.009239899678    1.217095263704   -0.957500078254
              19 C     -2.865265486276   -1.080504555041    0.255112759041
              20 H     -2.573277248052    0.499664849163    1.644932489569
              21 H     -1.832523507736    0.775851162975    0.083128260350
              22 C     -3.123803999929   -3.834436786343   -0.357575367314
              23 C     -1.761039905694   -1.890386165806    0.135012156599
              24 C     -1.847433817164   -3.262070605606   -0.178928958162
              25 O     -0.539245286656   -1.311514152134    0.327598973842
              26 C      0.647829813087   -2.004956777954    0.220280934994
              27 C     -0.644987526543   -4.006384639988   -0.302822605215
              28 C      0.569941220992   -3.427802695809   -0.121942805398
              29 O      1.663706255068   -1.379671314323    0.412009112914
              30 C      1.837729016356   -4.191707188022   -0.244024142741
              31 C      2.486125701042   -4.682469654187    0.921185992495
              32 C      2.357196279226   -4.426240401098   -1.481534607866
              33 N      3.539608039867   -5.138349423158   -1.615521685624
              34 C      4.200454496621   -5.632965310844   -0.496311626867
              35 C      3.689813255448   -5.413639916150    0.742692680145
              36 H      1.903262696903   -4.076031827590   -2.394592147881
              37 H      4.220523129499   -5.807727239075    1.598336766498
              38 H      5.109885404100   -6.179384617002   -0.686243079516
              39 H      2.074895112046   -4.506284211627    1.901453670953
              40 H     -3.187515778058   -4.889174771970   -0.592928342005
              41 H     -0.710433040460   -5.059240534116   -0.547893174605
              42 H      3.906208690258   -5.319664365837   -2.532918735190
