-------------------------------------------------------------
----------------------- !PROPERTIES! ------------------------
-------------------------------------------------------------
# -----------------------------------------------------------
$ SCF_Energy
   description: The SCF energy
   geom. index: 1
   prop. index: 1
        SCF Energy:    -1758.9074715251
# -----------------------------------------------------------
$ DFT_Energy
   description: The DFT energy
   geom. index: 1
   prop. index: 1
   Number of Alpha Electrons                119.9999417037 
   Number of Beta  Electrons                119.9999417037 
   Total number of  Electrons               239.9998834075 
   Exchange energy                         -168.1725844322 
   Correlation energy                       -10.6770507027 
   Correlation energy NL                      0.0000000000 
   Exchange-Correlation energy             -178.8496351348 
   Embedding correction                       0.0000000000 
   Total DFT Energy (No VdW correction)   -1758.9074715251 
# -----------------------------------------------------------
$ Solvation_Details
   description: Details concerning solvation
   geom. index: 1
   prop. index: 1
     Epsilon:               80.4000000000
     Refrac:                 1.3300000000
     RSolv:                  1.3000000000
     Surface Type:                      2
     Number of Points:               3153
     Surface Area:        1748.1673044889
     Dielectric Energy:     -0.0933685428
# -----------------------------------------------------------
$ Mayer_Pop
   description: The Mayer population analysis
   geom. index: 1
   prop. index: 1
     Number of atoms                     : 60
     Threshold for printing              : 0.1000000
     Number of bond orders printed       : 66
  NA   - Mulliken gross atomic population
  ZA   - Total nuclear charge
  QA   - Mulliken gross atomic charge
  VA   - Mayer's total valence
  BVA  - Mayer's bonded valence
  FA   - Mayer's free valence
  ATOM       NA         ZA         QA         VA         BVA        FA
  0   0     6.1194     6.0000    -0.1194     3.9069     3.9069     0.0000
  1   0     6.1636     6.0000    -0.1636     3.9544     3.9544     0.0000
  2   0     6.2320     6.0000    -0.2320     3.9137     3.9137     0.0000
  3   0     0.8943     1.0000     0.1057     0.9655     0.9655     0.0000
  4   0     0.8821     1.0000     0.1179     0.9590     0.9590     0.0000
  5   0     5.7559     6.0000     0.2441     3.6678     3.6678    -0.0000
  6   0     0.8727     1.0000     0.1273     0.9531     0.9531     0.0000
  7   0     0.8886     1.0000     0.1114     0.9547     0.9547     0.0000
  8   0     6.0018     6.0000    -0.0018     4.1110     4.1110     0.0000
  9   0     7.1328     7.0000    -0.1328     3.3389     3.3389     0.0000
 10   0     0.8872     1.0000     0.1128     0.9514     0.9514     0.0000
 11   0     0.8670     1.0000     0.1330     0.9501     0.9501     0.0000
 12   0     6.1230     6.0000    -0.1230     3.9036     3.9036    -0.0000
 13   0     6.1506     6.0000    -0.1506     3.9492     3.9492     0.0000
 14   0     0.8870     1.0000     0.1130     0.9540     0.9540     0.0000
 15   0     0.8636     1.0000     0.1364     0.9490     0.9490     0.0000
 16   0     6.2769     6.0000    -0.2769     3.9495     3.9495     0.0000
 17   0     0.8822     1.0000     0.1178     0.9593     0.9593    -0.0000
 18   0     0.8943     1.0000     0.1057     0.9651     0.9651    -0.0000
 19   0     5.8956     6.0000     0.1044     3.6501     3.6501     0.0000
 20   0     0.8861     1.0000     0.1139     0.9548     0.9548     0.0000
 21   0     0.8720     1.0000     0.1280     0.9560     0.9560     0.0000
 22   0     6.5411     6.0000    -0.5411     3.8349     3.8349     0.0000
 23   0     5.9189     6.0000     0.0811     3.9110     3.9110     0.0000
 24   0     5.5330     6.0000     0.4670     3.4673     3.4673     0.0000
 25   0     8.3824     8.0000    -0.3824     2.1128     2.1128     0.0000
 26   0     5.5607     6.0000     0.4393     4.2576     4.2576     0.0000
 27   0     6.3357     6.0000    -0.3357     3.8641     3.8641    -0.0000
 28   0     5.8827     6.0000     0.1173     3.5204     3.5204    -0.0000
 29   0     8.5579     8.0000    -0.5579     2.0281     2.0281    -0.0000
 30   0     5.6953     6.0000     0.3047     3.7985     3.7985     0.0000
 31   0     6.1576     6.0000    -0.1576     4.0072     4.0072    -0.0000
 32   0     6.1170     6.0000    -0.1170     4.0688     4.0688     0.0000
 33   0     7.2027     7.0000    -0.2027     3.3249     3.3249     0.0000
 34   0     5.9791     6.0000     0.0209     4.0183     4.0183     0.0000
 35   0     5.9836     6.0000     0.0164     3.8104     3.8104     0.0000
 36   0     0.8141     1.0000     0.1859     0.9877     0.9877     0.0000
 37   0     0.8415     1.0000     0.1585     0.9603     0.9603    -0.0000
 38   0     0.8129     1.0000     0.1871     0.9808     0.9808    -0.0000
 39   0     0.8275     1.0000     0.1725     0.9582     0.9582     0.0000
 40   0     0.9098     1.0000     0.0902     0.9897     0.9897     0.0000
 41   0     0.8609     1.0000     0.1391     0.9731     0.9731    -0.0000
 42   0    13.4435    15.0000     1.5565     4.9467     4.9467    -0.0000
 43   0     8.7773     8.0000    -0.7773     1.8979     1.8979     0.0000
 44   0     8.5198     8.0000    -0.5198     1.9488     1.9488     0.0000
 45   0     8.5193     8.0000    -0.5193     1.9494     1.9494    -0.0000
 46   0     6.0202     6.0000    -0.0202     3.8243     3.8243     0.0000
 47   0     6.0200     6.0000    -0.0200     3.8242     3.8242    -0.0000
 48   0     6.3525     6.0000    -0.3525     3.9135     3.9135     0.0000
 49   0     0.8574     1.0000     0.1426     0.9414     0.9414    -0.0000
 50   0     0.8630     1.0000     0.1370     0.9539     0.9539     0.0000
 51   0     0.8575     1.0000     0.1425     0.9424     0.9424     0.0000
 52   0     6.3532     6.0000    -0.3532     3.9142     3.9142    -0.0000
 53   0     0.8627     1.0000     0.1373     0.9535     0.9535     0.0000
 54   0     0.8699     1.0000     0.1301     0.9599     0.9599     0.0000
 55   0     0.8644     1.0000     0.1356     0.9602     0.9602    -0.0000
 56   0     0.8711     1.0000     0.1289     0.9611     0.9611     0.0000
 57   0     0.8700     1.0000     0.1300     0.9598     0.9598    -0.0000
 58   0     0.8710     1.0000     0.1290     0.9611     0.9611     0.0000
 59   0     0.8641     1.0000     0.1359     0.9601     0.9601     0.0000
      Bond orders larger than 0.1000000
           Atom A     A.N. of A          Atom B    A.N. of B              Bond order
                0             6               1            6                1.008989
                0             6               9            7                0.932152
                0             6              10            1                0.951184
                0             6              11            1                0.950469
                1             6               2            6                1.016492
                1             6               3            1                0.968490
                1             6               4            1                0.959247
                2             6               5            6                0.994735
                2             6               6            1                0.955930
                2             6               7            1                0.946602
                5             6               8            6                1.224998
                5             6              22            6                1.401015
                8             6               9            7                1.401348
                8             6              19            6                1.227314
                9             7              12            6                0.934061
               12             6              13            6                0.999373
               12             6              14            1                0.951754
               12             6              15            1                0.952957
               13             6              16            6                1.033274
               13             6              17            1                0.961871
               13             6              18            1                0.966936
               16             6              19            6                1.035740
               16             6              20            1                0.955552
               16             6              21            1                0.946872
               19             6              23            6                1.358243
               22             6              24            6                1.096724
               22             6              40            1                1.053588
               23             6              24            6                1.338338
               23             6              25            8                1.017407
               24             6              27            6                1.115780
               25             8              26            6                1.093632
               26             6              28            6                1.109260
               26             6              29            8                1.956708
               27             6              28            6                1.481195
               27             6              41            1                0.984989
               28             6              30            6                0.909010
               30             6              31            6                1.351397
               30             6              32            6                1.463511
               31             6              33            7                0.101534
               31             6              34            6                0.103268
               31             6              35            6                1.350962
               31             6              39            1                0.957705
               32             6              33            7                1.266224
               32             6              36            1                0.940097
               33             7              34            6                1.270760
               33             7              42           15                0.770270
               34             6              35            6                1.467977
               34             6              38            1                0.939036
               35             6              37            1                0.954403
               42            15              43            8                1.774029
               42            15              44            8                1.085169
               42            15              45            8                1.084513
               44             8              47            6                0.846270
               45             8              46            6                0.847378
               46             6              48            6                1.018342
               46             6              49            1                0.957001
               46             6              50            1                0.958598
               47             6              51            1                0.957041
               47             6              52            6                1.018458
               47             6              53            1                0.958545
               48             6              54            1                0.972805
               48             6              55            1                0.961841
               48             6              56            1                0.971202
               52             6              57            1                0.972836
               52             6              58            1                0.971148
               52             6              59            1                0.961892
# -----------------------------------------------------------
$ CIS_ABS
   description: The CIS absorption spectrum 
   geom. index: 1
   prop. index: 1
        Number of roots:  1
        The CIS Absorption Spectrum :
                  0          1          2          3          4          5    
      0       0.048564   0.007316   0.225983   0.447513  -0.138137   0.081445
        The CIS Absorption Spectrum (Velocity):
                  0          1          2          3          4          5    
      0       0.048564   0.006477   0.000472   0.008295   0.003362   0.019792
# -----------------------------------------------------------
$ CIS_CD
   description: The CIS CD spectrum 
   geom. index: 1
   prop. index: 1
        Number of roots:  1
        The CIS CD Spectrum:
                  0          1          2          3    
      0      -3.557833  -0.015770   0.040063   0.061942
# -----------------------------------------------------------
$ Calculation_Info
   description: Details of the calculation
   geom. index: 1
   prop. index: 1
     Multiplicity:                          1
     Charge:                                1
     number of atoms:                       60
     number of electrons:                   0
     number of frozen core electrons:       1
     number of correlated electrons:        0
     number of basis functions:             942
     number of aux C basis functions:       2889
     number of aux J basis functions:       1878
     number of aux JK basis functions:      0
     number of aux CABS basis functions:    0
     Total Energy                           -1758.858908
# -----------------------------------------------------------
$ SCF_Electric_Properties
   description: The SCF Calculated Electric Properties
   geom. index: 1
   prop. index: 1
       Filename                          : NMU-DCP_ES.scfp 
       Do Dipole Moment Calculation      : true 
       Do Quadrupole Moment Calculation  : false 
       Do Polarizability Calculation     : false 
** Dipole moment part of electric properties **
        Magnitude of dipole moment (Debye) :        6.5874521074
        Electronic Contribution:
                  0    
      0      25.991173
      1      -3.938586
      2       7.380308
        Nuclear Contribution:
                  0    
      0     -26.383995
      1       2.408834
      2      -5.325508
        Total Dipole moment:
                  0    
      0      -0.392821
      1      -1.529752
      2       2.054800
# -----------------------------------------------------------
$ SCF_Energy
   description: The SCF energy
   geom. index: 2
   prop. index: 1
        SCF Energy:    -1758.9074715225
# -----------------------------------------------------------
$ DFT_Energy
   description: The DFT energy
   geom. index: 2
   prop. index: 1
   Number of Alpha Electrons                119.9999417037 
   Number of Beta  Electrons                119.9999417037 
   Total number of  Electrons               239.9998834075 
   Exchange energy                         -168.1725844320 
   Correlation energy                       -10.6770507026 
   Correlation energy NL                      0.0000000000 
   Exchange-Correlation energy             -178.8496351346 
   Embedding correction                       0.0000000000 
   Total DFT Energy (No VdW correction)   -1758.9074715225 
# -----------------------------------------------------------
$ Solvation_Details
   description: Details concerning solvation
   geom. index: 2
   prop. index: 1
     Epsilon:               80.4000000000
     Refrac:                 1.3300000000
     RSolv:                  1.3000000000
     Surface Type:                      2
     Number of Points:               3153
     Surface Area:        1748.1673044889
     Dielectric Energy:     -0.0933685427
# -----------------------------------------------------------
$ CIS_ABS
   description: The CIS absorption spectrum 
   geom. index: 2
   prop. index: 1
        Number of roots:  1
        The CIS Absorption Spectrum :
                  0          1          2          3          4          5    
      0       0.048564   0.007316   0.225983   0.447513  -0.138137   0.081445
        The CIS Absorption Spectrum (Velocity):
                  0          1          2          3          4          5    
      0       0.048564   0.006477   0.000472   0.008295   0.003362   0.019792
# -----------------------------------------------------------
$ CIS_CD
   description: The CIS CD spectrum 
   geom. index: 2
   prop. index: 1
        Number of roots:  1
        The CIS CD Spectrum:
                  0          1          2          3    
      0      -3.557833  -0.015770   0.040063   0.061942
# -----------------------------------------------------------
$ THERMOCHEMISTRY_Energies
   description: The Thermochemistry energies
   geom. index: 2
   prop. index: 1
        Temperature (Kelvin)           :        298.1500000000
        Pressure (atm)                 :          1.0000000000
        Total Mass (AMU)               :        455.4710000000
        Spin Degeneracy                :          1.0000000000
        Electronic Energy (Hartree)    :      -1758.8589075966
        Translational Energy (Hartree) :          0.0014162714
        Rotational Energy (Hartree)    :          0.0014162714
        Vibrational Energy (Hartree)   :          0.0265269757
        Number of frequencies          :     180      
        Scaling Factor for frequencies :          1.0000000000
        Vibrational frequencies        :     
                  0    
      0       0.000000
      1       0.000000
      2       0.000000
      3       0.000000
      4       0.000000
      5       0.000000
      6      -8.304908
      7       8.982280
      8      15.335156
      9      19.229932
     10      25.200695
     11      40.874262
     12      55.634011
     13      60.454289
     14      68.045305
     15      69.997514
     16      79.238697
     17      87.000578
     18      97.798629
     19     105.876203
     20     150.939337
     21     164.310559
     22     165.649642
     23     180.141847
     24     197.625120
     25     204.670315
     26     228.861346
     27     252.131192
     28     254.979933
     29     257.802277
     30     289.183447
     31     298.436224
     32     308.295300
     33     316.941802
     34     327.807998
     35     330.932046
     36     343.280074
     37     351.469560
     38     368.560532
     39     380.272730
     40     399.584631
     41     420.083984
     42     439.713804
     43     455.716255
     44     463.840079
     45     477.154953
     46     493.959344
     47     511.497380
     48     517.508652
     49     532.341661
     50     542.001653
     51     545.205938
     52     560.306776
     53     598.620842
     54     610.895373
     55     630.143002
     56     634.981975
     57     667.235183
     58     684.509586
     59     703.923983
     60     713.035690
     61     745.072018
     62     759.956595
     63     780.917988
     64     782.591099
     65     787.291296
     66     797.696668
     67     804.086787
     68     812.794764
     69     816.904301
     70     817.542807
     71     855.518431
     72     865.828678
     73     878.717473
     74     894.380543
     75     902.254150
     76     916.942454
     77     924.336994
     78     952.382582
     79     956.805643
     80     970.218356
     81     972.617930
     82     977.348545
     83     1001.449556
     84     1004.741359
     85     1007.726776
     86     1029.136819
     87     1038.633658
     88     1050.318577
     89     1055.111753
     90     1067.678316
     91     1089.049205
     92     1097.740381
     93     1104.580954
     94     1106.602799
     95     1118.544958
     96     1120.275858
     97     1131.037333
     98     1148.424274
     99     1161.577793
    100     1170.819218
    101     1172.831618
    102     1190.386105
    103     1200.537155
    104     1213.483009
    105     1229.595623
    106     1232.970107
    107     1237.021715
    108     1260.713606
    109     1268.781622
    110     1273.622392
    111     1295.054292
    112     1306.732196
    113     1310.089006
    114     1310.806405
    115     1312.598461
    116     1335.404482
    117     1344.029792
    118     1348.423068
    119     1353.698517
    120     1357.301251
    121     1380.247548
    122     1385.865725
    123     1387.387526
    124     1392.197207
    125     1400.603011
    126     1400.637445
    127     1402.530031
    128     1417.147990
    129     1418.681874
    130     1440.859920
    131     1448.189897
    132     1458.345094
    133     1459.608651
    134     1470.276256
    135     1470.399464
    136     1472.700400
    137     1475.684250
    138     1482.238638
    139     1482.377465
    140     1485.250110
    141     1486.607922
    142     1490.703998
    143     1509.715913
    144     1510.219246
    145     1510.759441
    146     1531.163070
    147     1563.434515
    148     1590.408505
    149     1648.483465
    150     1665.426386
    151     1728.635306
    152     3014.427671
    153     3017.341221
    154     3026.924488
    155     3031.654325
    156     3040.468708
    157     3041.732844
    158     3053.265255
    159     3055.304183
    160     3057.379597
    161     3058.183456
    162     3094.796729
    163     3097.741228
    164     3098.086204
    165     3104.348622
    166     3106.895412
    167     3107.564650
    168     3108.202626
    169     3108.861589
    170     3116.996604
    171     3120.810259
    172     3121.146333
    173     3131.867059
    174     3195.141886
    175     3196.577685
    176     3203.449226
    177     3240.849582
    178     3249.638063
    179     3266.719888
        Zero Point Energy (Hartree)    :          0.4892846073
        Inner Energy (Hartree)         :      -1758.3402634708
        Enthalpy (Hartree)             :      -1758.3393192617
        Electronic entropy             :          0.0000000000
        Rotational entropy             :          0.0177535403
        Vibrational entropy            :          0.0479705063
        Translational entropy          :          0.0177535403
        Entropy                        :          0.0867425855
        Gibbs Energy (Hartree)         :      -1758.4260618472
        Is Linear                      :                 false
# -------------------------------------------------------------
----------------------- !GEOMETRIES! ------------------------
# -------------------------------------------------------------
------------------------ !GEOMETRY! -------------------------
    Number of atoms:    60 
    Geometry Index:     1 
    Coordinates:
               0 C     -6.380012806757   -1.426400663852    0.189652759181
               1 C     -6.484038648225   -2.928507661766    0.024194605466
               2 C     -5.417364395912   -3.604480687905    0.872440642627
               3 H     -6.358061609518   -3.192444008939   -1.028332632060
               4 H     -7.481678945426   -3.243356259523    0.328880728340
               5 C     -4.059641792211   -3.048598647791    0.556426489194
               6 H     -5.411726421328   -4.684488948028    0.727087688391
               7 H     -5.630865466227   -3.426535620430    1.932680774165
               8 C     -3.924862854560   -1.681647873147    0.094863525235
               9 N     -5.019743682152   -0.925900753078   -0.072507320111
              10 H     -6.648739899800   -1.123972222123    1.207279266774
              11 H     -7.043778350043   -0.903993367035   -0.496081640877
              12 C     -4.930495519885    0.503060461741   -0.414514359754
              13 C     -3.740511807814    0.790485236628   -1.307072982051
              14 H     -4.862211116271    1.062514497227    0.524015632840
              15 H     -5.865398801333    0.774692983039   -0.897437114270
              16 C     -2.465025994751    0.290104874516   -0.645138481937
              17 H     -3.685207646049    1.864218348988   -1.483132344733
              18 H     -3.884101788997    0.302164685901   -2.273417956314
              19 C     -2.627054409315   -1.124954461485   -0.168528775446
              20 H     -2.218540243346    0.923996813443    0.214135321425
              21 H     -1.619879797010    0.352338964780   -1.328809218234
              22 C     -2.931742918061   -3.797912288669    0.720230136144
              23 C     -1.536656081738   -1.936866126412    0.035476127707
              24 C     -1.647507249361   -3.273383712062    0.469437350243
              25 O     -0.303901329611   -1.400111709410   -0.207084735470
              26 C      0.866843283806   -2.114799374247   -0.078706639671
              27 C     -0.460549046034   -4.037142512981    0.624711001904
              28 C      0.760641055078   -3.508819506890    0.358642840429
              29 O      1.894458778583   -1.535774116338   -0.339413124960
              30 C      2.012127202535   -4.301987316771    0.490425329529
              31 C      2.907095649682   -4.056425838596    1.554566883976
              32 C      2.250167725852   -5.288860339188   -0.417366291007
              33 N      3.400973086917   -6.097652419540   -0.323201648219
              34 C      4.294312057822   -5.863712543247    0.740555886719
              35 C      4.053270843390   -4.881530439297    1.642736028919
              36 H      1.588898882726   -5.496269344747   -1.242084839560
              37 H      4.766635158805   -4.740896867396    2.442983645413
              38 H      5.153711040998   -6.510444689531    0.771409657131
              39 H      2.716998229383   -3.279052939739    2.276023542717
              40 H     -3.013302836388   -4.823344448321    1.057341772496
              41 H     -0.545026753797   -5.064933258502    0.955219853476
              42 P      3.674161587936   -7.326576880243   -1.459491529974
              43 O      4.930156456531   -8.030007267963   -1.151063366830
              44 O      3.539610104830   -6.648650700193   -2.880730477542
              45 O      2.347401636529   -8.183344412881   -1.514395471757
              46 C      1.999802425146   -9.067990413502   -0.399035336299
              47 C      4.581735482177   -5.734631594681   -3.356633293300
              48 C      0.711492876323   -9.772489368783   -0.747874190901
              49 H      1.891988046414   -8.459097362610    0.499441249730
              50 H      2.817811576375   -9.773620479101   -0.257106066041
              51 H      4.677286100429   -4.919230374389   -2.638529536990
              52 C      4.170230782405   -5.226124679457   -4.716783045299
              53 H      5.521167666091   -6.284888515476   -3.399803269639
              54 H     -0.097719045060   -9.056472360254   -0.895995693793
              55 H      0.436815803745  -10.438401507095    0.072095530122
              56 H      0.827119873682  -10.369908290740   -1.653004437072
              57 H      3.225655633884   -4.683718195554   -4.661715808249
              58 H      4.066831881374   -6.048420884724   -5.425783987863
              59 H      4.937736327536   -4.544992611631   -5.088748654068
------------------------ !GEOMETRY! -------------------------
    Number of atoms:    60 
    Geometry Index:     2 
    Coordinates:
               0 C     -6.380012806757   -1.426400663852    0.189652759181
               1 C     -6.484038648225   -2.928507661766    0.024194605466
               2 C     -5.417364395912   -3.604480687905    0.872440642627
               3 H     -6.358061609518   -3.192444008939   -1.028332632060
               4 H     -7.481678945426   -3.243356259523    0.328880728340
               5 C     -4.059641792211   -3.048598647791    0.556426489194
               6 H     -5.411726421328   -4.684488948028    0.727087688391
               7 H     -5.630865466227   -3.426535620430    1.932680774165
               8 C     -3.924862854560   -1.681647873147    0.094863525235
               9 N     -5.019743682152   -0.925900753078   -0.072507320111
              10 H     -6.648739899800   -1.123972222123    1.207279266774
              11 H     -7.043778350043   -0.903993367035   -0.496081640877
              12 C     -4.930495519885    0.503060461741   -0.414514359754
              13 C     -3.740511807814    0.790485236628   -1.307072982051
              14 H     -4.862211116271    1.062514497227    0.524015632840
              15 H     -5.865398801333    0.774692983039   -0.897437114270
              16 C     -2.465025994751    0.290104874516   -0.645138481937
              17 H     -3.685207646049    1.864218348988   -1.483132344733
              18 H     -3.884101788997    0.302164685901   -2.273417956314
              19 C     -2.627054409315   -1.124954461485   -0.168528775446
              20 H     -2.218540243346    0.923996813443    0.214135321425
              21 H     -1.619879797010    0.352338964780   -1.328809218234
              22 C     -2.931742918061   -3.797912288669    0.720230136144
              23 C     -1.536656081738   -1.936866126412    0.035476127707
              24 C     -1.647507249361   -3.273383712062    0.469437350243
              25 O     -0.303901329611   -1.400111709410   -0.207084735470
              26 C      0.866843283806   -2.114799374247   -0.078706639671
              27 C     -0.460549046034   -4.037142512981    0.624711001904
              28 C      0.760641055078   -3.508819506890    0.358642840429
              29 O      1.894458778583   -1.535774116338   -0.339413124960
              30 C      2.012127202535   -4.301987316771    0.490425329529
              31 C      2.907095649682   -4.056425838596    1.554566883976
              32 C      2.250167725852   -5.288860339188   -0.417366291007
              33 N      3.400973086917   -6.097652419540   -0.323201648219
              34 C      4.294312057822   -5.863712543247    0.740555886719
              35 C      4.053270843390   -4.881530439297    1.642736028919
              36 H      1.588898882726   -5.496269344747   -1.242084839560
              37 H      4.766635158805   -4.740896867396    2.442983645413
              38 H      5.153711040998   -6.510444689531    0.771409657131
              39 H      2.716998229383   -3.279052939739    2.276023542717
              40 H     -3.013302836388   -4.823344448321    1.057341772496
              41 H     -0.545026753797   -5.064933258502    0.955219853476
              42 P      3.674161587936   -7.326576880243   -1.459491529974
              43 O      4.930156456531   -8.030007267963   -1.151063366830
              44 O      3.539610104830   -6.648650700193   -2.880730477542
              45 O      2.347401636529   -8.183344412881   -1.514395471757
              46 C      1.999802425146   -9.067990413502   -0.399035336299
              47 C      4.581735482177   -5.734631594681   -3.356633293300
              48 C      0.711492876323   -9.772489368783   -0.747874190901
              49 H      1.891988046414   -8.459097362610    0.499441249730
              50 H      2.817811576375   -9.773620479101   -0.257106066041
              51 H      4.677286100429   -4.919230374389   -2.638529536990
              52 C      4.170230782405   -5.226124679457   -4.716783045299
              53 H      5.521167666091   -6.284888515476   -3.399803269639
              54 H     -0.097719045060   -9.056472360254   -0.895995693793
              55 H      0.436815803745  -10.438401507095    0.072095530122
              56 H      0.827119873682  -10.369908290740   -1.653004437072
              57 H      3.225655633884   -4.683718195554   -4.661715808249
              58 H      4.066831881374   -6.048420884724   -5.425783987863
              59 H      4.937736327536   -4.544992611631   -5.088748654068
